401 0 LA010189-0003 0
401 0 LA010190-0064 0
401 0 LA010389-0019 0
401 0 LA010489-0026 1
401 0 LA010689-0066 0
401 0 LA011089-0137 0
401 0 LA011189-0085 0
401 0 LA011389-0015 0
401 0 LA011490-0070 0
401 0 LA011589-0050 0
401 0 LA011990-0099 0
401 0 LA012190-0068 0
401 0 LA012190-0117 0
401 0 LA012289-0044 0
401 0 LA012590-0024 0
401 0 LA013089-0048 1
401 0 LA013189-0035 0
401 0 LA013189-0048 1
401 0 LA013189-0080 0
401 0 LA020589-0077 0
401 0 LA020789-0133 0
401 0 LA020790-0088 0
401 0 LA021089-0099 0
401 0 LA021289-0050 1
401 0 LA021389-0004 0
401 0 LA021389-0049 0
401 0 LA021389-0087 0
401 0 LA021389-0094 0
401 0 LA021389-0098 0
401 0 LA021590-0208 0
401 0 LA021689-0012 1
401 0 LA021890-0100 0
401 0 LA022289-0092 0
401 0 LA022390-0092 0
401 0 LA022490-0167 0
401 0 LA022590-0103 0
401 0 LA022590-0190 0
401 0 LA022689-0236 0
401 0 LA022690-0069 0
401 0 LA022790-0091 0
401 0 LA022790-0095 0
401 0 LA022889-0154 0
401 0 LA030189-0139 1
401 0 LA030190-0112 0
401 0 LA030289-0081 0
401 0 LA030489-0031 0
401 0 LA030589-0158 0
401 0 LA030689-0060 0
401 0 LA030690-0168 0
401 0 LA030790-0048 0
401 0 LA030890-0165 0
401 0 LA030989-0111 0
401 0 LA030990-0189 0
401 0 LA031289-0089 0
401 0 LA031389-0076 1
401 0 LA031590-0024 0
401 0 LA031590-0102 0
401 0 LA031689-0191 0
401 0 LA031889-0009 0
401 0 LA031890-0196 0
401 0 LA032090-0092 0
401 0 LA032390-0074 0
401 0 LA032390-0192 0
401 0 LA032490-0033 0
401 0 LA032490-0079 0
401 0 LA032590-0082 0
401 0 LA032889-0062 0
401 0 LA032890-0097 0
401 0 LA032990-0214 0
401 0 LA033090-0083 0
401 0 LA033189-0005 0
401 0 LA033189-0110 0
401 0 LA033190-0012 0
401 0 LA033190-0072 0
401 0 LA033190-0086 0
401 0 LA033190-0095 0
401 0 LA040189-0004 0
401 0 LA040189-0037 0
401 0 LA040190-0083 0
401 0 LA040389-0047 0
401 0 LA040390-0108 0
401 0 LA040689-0047 0
401 0 LA040689-0072 0
401 0 LA040690-0072 0
401 0 LA040790-0159 0
401 0 LA040989-0072 1
401 0 LA041290-0088 0
401 0 LA041390-0050 0
401 0 LA041689-0061 0
401 0 LA041789-0019 0
401 0 LA041789-0109 0
401 0 LA042389-0092 0
401 0 LA042390-0086 0
401 0 LA042490-0202 0
401 0 LA042490-0209 0
401 0 LA042589-0065 0
401 0 LA042789-0185 0
401 0 LA042989-0030 0
401 0 LA050290-0055 0
401 0 LA050290-0108 0
401 0 LA050389-0018 0
401 0 LA050590-0114 0
401 0 LA050690-0109 0
401 0 LA050690-0206 0
401 0 LA050789-0032 0
401 0 LA050789-0068 1
401 0 LA050789-0160 0
401 0 LA050790-0036 0
401 0 LA050890-0111 0
401 0 LA050989-0113 0
401 0 LA050989-0114 0
401 0 LA050990-0034 0
401 0 LA051189-0006 0
401 0 LA051190-0084 0
401 0 LA051390-0104 0
401 0 LA051390-0187 0
401 0 LA051889-0142 0
401 0 LA051989-0021 0
401 0 LA052090-0077 0
401 0 LA052390-0064 0
401 0 LA052489-0110 0
401 0 LA052589-0094 0
401 0 LA052590-0090 0
401 0 LA052789-0101 0
401 0 LA052889-0098 0
401 0 LA052889-0176 0
401 0 LA053190-0071 0
401 0 LA060389-0035 0
401 0 LA060390-0070 0
401 0 LA060590-0038 0
401 0 LA060590-0153 0
401 0 LA060690-0078 0
401 0 LA060989-0003 0
401 0 LA060989-0100 0
401 0 LA060989-0120 0
401 0 LA061090-0195 0
401 0 LA061290-0074 0
401 0 LA061589-0041 0
401 0 LA061590-0052 0
401 0 LA061590-0122 0
401 0 LA061790-0128 0
401 0 LA061990-0090 0
401 0 LA062090-0110 0
401 0 LA062189-0079 0
401 0 LA062190-0002 0
401 0 LA062890-0259 0
401 0 LA070190-0092 0
401 0 LA070289-0164 0
401 0 LA070690-0008 0
401 0 LA070789-0082 0
401 0 LA070989-0055 0
401 0 LA070990-0105 0
401 0 LA071290-0092 0
401 0 LA071389-0084 0
401 0 LA071789-0091 0
401 0 LA071790-0097 0
401 0 LA071890-0073 0
401 0 LA071890-0089 0
401 0 LA072090-0019 0
401 0 LA072189-0046 0
401 0 LA072190-0060 0
401 0 LA072290-0094 0
401 0 LA072389-0159 0
401 0 LA072390-0037 0
401 0 LA072490-0038 0
401 0 LA072590-0044 0
401 0 LA072590-0053 0
401 0 LA072689-0045 0
401 0 LA072689-0098 0
401 0 LA072689-0111 0
401 0 LA072789-0028 0
401 0 LA072790-0171 0
401 0 LA072989-0083 0
401 0 LA072989-0084 0
401 0 LA072990-0026 0
401 0 LA072990-0057 0
401 0 LA072990-0210 0
401 0 LA073089-0019 0
401 0 LA073089-0186 0
401 0 LA073189-0006 0
401 0 LA073189-0060 0
401 0 LA080189-0037 0
401 0 LA080189-0040 0
401 0 LA080189-0120 0
401 0 LA080289-0109 0
401 0 LA080389-0078 0
401 0 LA080389-0118 0
401 0 LA080689-0160 0
401 0 LA080790-0059 0
401 0 LA080890-0097 0
401 0 LA080989-0052 1
401 0 LA081089-0020 0
401 0 LA081189-0041 0
401 0 LA081489-0037 0
401 0 LA081489-0038 0
401 0 LA081590-0140 0
401 0 LA081689-0092 0
401 0 LA081790-0109 0
401 0 LA081889-0063 0
401 0 LA081890-0001 0
401 0 LA081890-0016 0
401 0 LA081989-0049 0
401 0 LA081990-0198 0
401 0 LA082089-0062 0
401 0 LA082189-0092 0
401 0 LA082190-0080 0
401 0 LA082589-0130 0
401 0 LA082690-0049 0
401 0 LA082690-0052 0
401 0 LA082690-0155 0
401 0 LA082690-0214 0
401 0 LA082789-0017 0
401 0 LA082789-0087 0
401 0 LA082789-0104 0
401 0 LA082789-0128 0
401 0 LA082789-0152 0
401 0 LA082789-0191 0
401 0 LA082889-0070 0
401 0 LA082889-0077 0
401 0 LA082889-0108 0
401 0 LA082890-0002 0
401 0 LA083189-0120 0
401 0 LA083189-0215 0
401 0 LA090290-0109 0
401 0 LA090290-0160 0
401 0 LA090489-0052 0
401 0 LA090490-0093 0
401 0 LA090589-0082 1
401 0 LA090789-0206 0
401 0 LA090790-0122 0
401 0 LA091089-0035 0
401 0 LA091089-0174 0
401 0 LA091289-0140 0
401 0 LA091390-0268 0
401 0 LA091489-0068 0
401 0 LA091490-0080 0
401 0 LA091789-0072 0
401 0 LA091789-0179 0
401 0 LA091790-0092 0
401 0 LA091889-0059 0
401 0 LA091989-0042 0
401 0 LA092089-0129 0
401 0 LA092290-0059 0
401 0 LA092389-0022 0
401 0 LA092489-0002 0
401 0 LA092489-0108 0
401 0 LA092489-0115 0
401 0 LA092589-0071 0
401 0 LA092789-0062 0
401 0 LA092889-0105 0
401 0 LA100189-0189 1
401 0 LA100190-0022 0
401 0 LA100289-0059 0
401 0 LA100290-0174 1
401 0 LA100490-0070 0
401 0 LA100590-0009 1
401 0 LA100789-0102 0
401 0 LA100790-0056 0
401 0 LA100790-0062 0
401 0 LA100790-0132 0
401 0 LA100889-0019 0
401 0 LA100889-0086 0
401 0 LA100890-0131 1
401 0 LA101090-0015 0
401 0 LA101189-0038 0
401 0 LA101190-0214 0
401 0 LA101389-0166 0
401 0 LA101589-0095 0
401 0 LA101590-0058 0
401 0 LA101689-0009 0
401 0 LA101690-0170 0
401 0 LA101790-0045 0
401 0 LA101790-0051 0
401 0 LA101790-0075 0
401 0 LA101989-0136 0
401 0 LA101990-0026 0
401 0 LA102189-0054 0
401 0 LA102289-0096 0
401 0 LA102390-0068 1
401 0 LA102690-0021 0
401 0 LA102789-0141 0
401 0 LA103189-0111 0
401 0 LA110289-0144 0
401 0 LA110289-0180 0
401 0 LA110389-0063 0
401 0 LA110390-0091 0
401 0 LA110489-0075 0
401 0 LA110490-0218 0
401 0 LA110690-0075 0
401 0 LA110790-0022 0
401 0 LA110990-0013 0
401 0 LA110990-0173 0
401 0 LA111289-0073 0
401 0 LA111289-0204 0
401 0 LA111290-0058 0
401 0 LA111389-0072 0
401 0 LA111390-0056 0
401 0 LA111489-0072 1
401 0 LA111789-0144 0
401 0 LA111889-0118 0
401 0 LA111889-0168 0
401 0 LA111890-0126 0
401 0 LA111989-0019 0
401 0 LA112489-0057 0
401 0 LA112590-0019 0
401 0 LA112889-0076 0
401 0 LA112990-0230 0
401 0 LA120690-0003 0
401 0 LA120690-0248 0
401 0 LA120789-0029 0
401 0 LA121089-0047 0
401 0 LA121090-0096 0
401 0 LA121190-0075 0
401 0 LA121289-0110 0
401 0 LA121290-0122 0
401 0 LA121390-0121 0
401 0 LA121489-0181 0
401 0 LA121490-0068 0
401 0 LA121589-0001 0
401 0 LA121590-0058 1
401 0 LA121590-0064 0
401 0 LA121690-0207 0
401 0 LA121789-0222 0
401 0 LA121789-0225 0
401 0 LA121789-0234 0
401 0 LA121890-0073 0
401 0 LA121890-0160 0
401 0 LA121989-0092 0
401 0 LA121990-0115 0
401 0 LA122189-0023 0
401 0 LA122190-0057 0
401 0 LA122190-0155 0
401 0 LA122489-0083 0
401 0 LA122489-0094 0
401 0 LA122489-0176 0
401 0 LA122490-0108 1
401 0 LA122589-0034 0
401 0 LA122690-0029 0
401 0 LA122790-0211 0
401 0 LA122889-0111 0
401 0 LA122890-0124 0
401 0 LA122990-0048 0
401 0 LA122990-0070 0
401 0 LA123089-0101 0
401 0 LA123090-0166 0
401 0 LA123189-0026 0
401 0 LA123189-0117 0
401 0 LA123189-0183 0
402 0 LA010189-0071 0
402 0 LA010390-0133 0
402 0 LA010489-0034 0
402 0 LA010490-0218 0
402 0 LA010590-0095 0
402 0 LA010889-0051 0
402 0 LA010889-0111 0
402 0 LA010889-0160 0
402 0 LA010989-0047 1
402 0 LA011089-0045 0
402 0 LA011190-0133 0
402 0 LA011289-0200 0
402 0 LA011389-0015 0
402 0 LA011389-0056 0
402 0 LA011389-0148 0
402 0 LA011390-0001 0
402 0 LA011489-0048 0
402 0 LA011490-0002 0
402 0 LA011590-0097 0
402 0 LA011590-0099 0
402 0 LA011690-0092 0
402 0 LA011789-0042 0
402 0 LA011790-0028 0
402 0 LA011989-0198 0
402 0 LA012089-0018 0
402 0 LA012289-0016 0
402 0 LA012290-0038 0
402 0 LA012389-0008 0
402 0 LA012589-0063 0
402 0 LA012589-0092 0
402 0 LA012690-0100 0
402 0 LA012990-0011 0
402 0 LA013089-0072 0
402 0 LA013190-0169 0
402 0 LA020190-0043 1
402 0 LA020389-0077 0
402 0 LA020390-0152 0
402 0 LA020490-0094 0
402 0 LA020589-0001 0
402 0 LA020589-0042 0
402 0 LA020590-0053 1
402 0 LA020590-0055 0
402 0 LA020690-0042 0
402 0 LA020690-0173 0
402 0 LA020789-0064 0
402 0 LA020789-0112 0
402 0 LA020789-0113 0
402 0 LA021089-0095 0
402 0 LA021190-0099 0
402 0 LA021289-0051 0
402 0 LA021289-0055 0
402 0 LA021290-0061 0
402 0 LA021290-0063 0
402 0 LA021489-0045 0
402 0 LA021589-0116 0
402 0 LA021689-0115 0
402 0 LA021890-0038 0
402 0 LA021989-0057 0
402 0 LA021990-0055 0
402 0 LA022090-0004 0
402 0 LA022189-0096 0
402 0 LA022290-0211 0
402 0 LA022689-0007 0
402 0 LA022689-0085 0
402 0 LA022690-0001 0
402 0 LA022789-0085 0
402 0 LA030289-0084 0
402 0 LA030289-0100 0
402 0 LA030389-0099 0
402 0 LA030490-0113 0
402 0 LA030590-0004 0
402 0 LA030689-0041 0
402 0 LA030690-0001 0
402 0 LA030690-0022 0
402 0 LA030690-0041 0
402 0 LA030690-0044 0
402 0 LA030790-0036 0
402 0 LA030889-0102 0
402 0 LA030890-0003 0
402 0 LA030890-0166 0
402 0 LA030989-0098 0
402 0 LA030990-0119 0
402 0 LA030990-0213 0
402 0 LA031090-0007 0
402 0 LA031190-0206 0
402 0 LA031290-0049 0
402 0 LA031690-0203 0
402 0 LA031790-0020 0
402 0 LA031890-0074 0
402 0 LA031989-0012 0
402 0 LA031989-0191 0
402 0 LA032090-0054 0
402 0 LA032090-0058 0
402 0 LA032290-0073 0
402 0 LA032290-0148 1
402 0 LA032290-0216 0
402 0 LA032290-0223 0
402 0 LA032389-0175 0
402 0 LA032390-0055 0
402 0 LA032390-0166 0
402 0 LA032889-0120 0
402 0 LA040389-0015 0
402 0 LA040389-0029 0
402 0 LA040489-0104 0
402 0 LA040790-0127 0
402 0 LA040889-0050 0
402 0 LA040889-0090 0
402 0 LA040890-0172 0
402 0 LA040990-0045 1
402 0 LA041090-0130 0
402 0 LA041689-0113 0
402 0 LA041690-0084 0
402 0 LA041789-0061 0
402 0 LA041789-0062 0
402 0 LA041790-0073 0
402 0 LA041790-0126 1
402 0 LA041889-0072 0
402 0 LA041889-0082 0
402 0 LA041990-0068 0
402 0 LA042089-0107 0
402 0 LA042389-0005 0
402 0 LA042389-0087 0
402 0 LA042390-0048 0
402 0 LA042390-0090 0
402 0 LA042489-0044 0
402 0 LA042489-0048 0
402 0 LA042489-0075 0
402 0 LA042489-0082 0
402 0 LA042490-0146 0
402 0 LA042589-0051 0
402 0 LA042589-0096 0
402 0 LA042589-0149 0
402 0 LA042590-0009 0
402 0 LA042590-0099 0
402 0 LA042689-0024 0
402 0 LA042689-0101 0
402 0 LA042689-0142 0
402 0 LA042690-0047 0
402 0 LA042690-0069 0
402 0 LA042690-0126 0
402 0 LA042690-0154 0
402 0 LA042789-0046 0
402 0 LA042790-0204 0
402 0 LA042889-0096 0
402 0 LA042890-0164 0
402 0 LA042990-0020 1
402 0 LA042990-0032 1
402 0 LA042990-0183 0
402 0 LA042990-0245 0
402 0 LA042990-0247 0
402 0 LA042990-0251 0
402 0 LA050190-0198 0
402 0 LA050290-0159 0
402 0 LA050389-0044 0
402 0 LA050389-0135 0
402 0 LA050390-0027 0
402 0 LA050390-0046 0
402 0 LA050390-0216 0
402 0 LA050490-0004 0
402 0 LA050789-0122 1
402 0 LA050789-0167 0
402 0 LA050989-0168 0
402 0 LA051090-0096 0
402 0 LA051090-0242 0
402 0 LA051189-0021 0
402 0 LA051189-0153 0
402 0 LA051190-0184 0
402 0 LA051190-0194 0
402 0 LA051289-0110 0
402 0 LA051290-0075 0
402 0 LA051389-0006 0
402 0 LA051389-0010 0
402 0 LA051390-0101 0
402 0 LA051490-0069 0
402 0 LA051689-0013 0
402 0 LA051690-0092 0
402 0 LA051690-0132 0
402 0 LA051789-0009 0
402 0 LA051789-0093 0
402 0 LA051790-0095 0
402 0 LA051889-0083 0
402 0 LA051989-0006 0
402 0 LA052089-0047 0
402 0 LA052089-0054 0
402 0 LA052090-0104 0
402 0 LA052190-0044 0
402 0 LA052290-0110 0
402 0 LA052389-0108 0
402 0 LA052490-0122 0
402 0 LA052789-0045 0
402 0 LA052890-0038 0
402 0 LA052989-0024 0
402 0 LA052989-0031 0
402 0 LA052989-0050 0
402 0 LA052990-0096 0
402 0 LA053190-0199 0
402 0 LA053190-0222 0
402 0 LA060189-0166 0
402 0 LA060289-0040 0
402 0 LA060289-0090 0
402 0 LA060589-0049 1
402 0 LA060589-0050 0
402 0 LA060590-0115 0
402 0 LA060890-0027 0
402 0 LA061090-0243 0
402 0 LA061190-0015 0
402 0 LA061190-0016 0
402 0 LA061290-0063 0
402 0 LA061290-0064 0
402 0 LA061389-0080 0
402 0 LA061589-0055 0
402 0 LA061590-0161 0
402 0 LA061890-0031 0
402 0 LA061990-0078 0
402 0 LA062089-0028 1
402 0 LA062190-0024 0
402 0 LA062289-0068 1
402 0 LA062490-0011 0
402 0 LA062589-0077 0
402 0 LA062590-0042 1
402 0 LA062590-0044 0
402 0 LA062789-0043 0
402 0 LA062890-0104 1
402 0 LA070390-0027 0
402 0 LA070390-0042 0
402 0 LA070390-0087 0
402 0 LA070390-0117 0
402 0 LA070390-0118 0
402 0 LA070589-0014 0
402 0 LA070590-0006 0
402 0 LA070590-0178 1
402 0 LA071090-0093 0
402 0 LA071389-0109 0
402 0 LA071689-0143 0
402 0 LA071689-0207 1
402 0 LA072289-0117 0
402 0 LA072289-0149 0
402 0 LA072290-0161 0
402 0 LA072390-0003 0
402 0 LA072489-0041 0
402 0 LA072489-0053 0
402 0 LA072490-0078 0
402 0 LA072490-0080 0
402 0 LA072490-0081 0
402 0 LA072490-0082 0
402 0 LA072590-0057 0
402 0 LA072690-0018 0
402 0 LA072690-0103 0
402 0 LA072989-0066 0
402 0 LA072990-0039 0
402 0 LA073089-0075 0
402 0 LA073090-0055 0
402 0 LA073090-0056 1
402 0 LA073090-0057 1
402 0 LA073090-0058 0
402 0 LA073090-0079 0
402 0 LA080190-0001 0
402 0 LA080190-0091 0
402 0 LA080190-0099 0
402 0 LA080389-0106 0
402 0 LA080589-0092 0
402 0 LA080990-0110 0
402 0 LA081089-0016 0
402 0 LA081089-0075 0
402 0 LA081189-0010 0
402 0 LA081289-0099 0
402 0 LA081389-0171 0
402 0 LA081390-0025 0
402 0 LA081390-0051 0
402 0 LA081490-0032 0
402 0 LA081490-0123 0
402 0 LA081589-0003 0
402 0 LA081589-0027 0
402 0 LA081589-0094 0
402 0 LA081790-0052 0
402 0 LA081990-0064 0
402 0 LA081990-0223 0
402 0 LA082089-0193 0
402 0 LA082090-0138 0
402 0 LA082290-0101 0
402 0 LA082390-0057 0
402 0 LA082390-0059 0
402 0 LA082390-0061 0
402 0 LA082390-0066 0
402 0 LA082590-0108 0
402 0 LA082790-0026 0
402 0 LA082890-0031 0
402 0 LA082989-0131 0
402 0 LA082990-0125 0
402 0 LA090189-0093 0
402 0 LA090389-0004 0
402 0 LA090389-0060 0
402 0 LA090390-0030 0
402 0 LA090490-0017 0
402 0 LA090490-0019 0
402 0 LA090490-0020 0
402 0 LA090490-0021 0
402 0 LA090490-0022 0
402 0 LA090490-0027 0
402 0 LA090490-0030 0
402 0 LA090490-0031 0
402 0 LA090490-0032 0
402 0 LA090490-0116 0
402 0 LA090589-0067 0
402 0 LA090689-0041 0
402 0 LA090689-0043 0
402 0 LA090690-0047 0
402 0 LA090690-0051 0
402 0 LA090690-0052 0
402 0 LA090789-0028 0
402 0 LA090789-0104 0
402 0 LA091089-0104 0
402 0 LA091589-0015 1
402 0 LA091689-0002 0
402 0 LA091789-0146 0
402 0 LA091790-0063 0
402 0 LA092189-0149 0
402 0 LA092189-0192 0
402 0 LA092389-0115 0
402 0 LA092489-0022 0
402 0 LA092690-0093 0
402 0 LA092889-0073 0
402 0 LA093089-0065 1
402 0 LA093089-0127 0
402 0 LA100189-0053 1
402 0 LA100290-0045 0
402 0 LA100290-0050 0
402 0 LA100290-0052 0
402 0 LA100290-0100 0
402 0 LA100490-0056 0
402 0 LA100490-0057 0
402 0 LA100589-0010 0
402 0 LA100589-0054 0
402 0 LA100589-0130 0
402 0 LA100590-0008 0
402 0 LA100689-0032 0
402 0 LA100790-0251 1
402 0 LA100790-0252 0
402 0 LA100889-0040 1
402 0 LA100889-0041 1
402 0 LA100889-0043 0
402 0 LA100889-0044 0
402 0 LA100889-0137 0
402 0 LA100890-0105 0
402 0 LA100989-0026 0
402 0 LA100990-0053 0
402 0 LA100990-0140 0
402 0 LA101089-0095 0
402 0 LA101090-0127 0
402 0 LA101090-0147 0
402 0 LA101189-0054 0
402 0 LA101190-0043 0
402 0 LA101190-0070 0
402 0 LA101290-0001 0
402 0 LA101290-0115 1
402 0 LA101290-0131 0
402 0 LA101389-0181 0
402 0 LA101390-0155 0
402 0 LA101489-0066 0
402 0 LA101589-0047 1
402 0 LA101589-0194 0
402 0 LA101689-0002 0
402 0 LA101689-0010 0
402 0 LA101689-0054 0
402 0 LA101690-0035 0
402 0 LA101690-0121 1
402 0 LA101790-0032 0
402 0 LA101889-0074 0
402 0 LA101889-0091 0
402 0 LA101989-0026 0
402 0 LA101989-0036 0
402 0 LA101989-0136 0
402 0 LA102089-0029 0
402 0 LA102089-0174 0
402 0 LA102089-0179 0
402 0 LA102190-0083 0
402 0 LA102290-0092 0
402 0 LA102389-0100 0
402 0 LA102390-0066 0
402 0 LA102390-0093 0
402 0 LA102390-0121 0
402 0 LA102489-0025 0
402 0 LA102489-0103 0
402 0 LA102689-0121 0
402 0 LA102789-0141 0
402 0 LA102790-0031 0
402 0 LA102889-0119 0
402 0 LA102990-0094 0
402 0 LA103089-0037 0
402 0 LA110189-0069 0
402 0 LA110189-0092 0
402 0 LA110289-0120 0
402 0 LA110290-0100 0
402 0 LA110290-0126 0
402 0 LA110290-0127 0
402 0 LA110490-0092 0
402 0 LA110589-0171 0
402 0 LA110589-0189 0
402 0 LA110590-0008 0
402 0 LA110590-0024 0
402 0 LA110690-0141 0
402 0 LA110789-0046 0
402 0 LA110889-0005 0
402 0 LA110889-0041 0
402 0 LA111089-0105 0
402 0 LA111190-0176 0
402 0 LA111289-0077 0
402 0 LA111290-0009 0
402 0 LA111390-0098 0
402 0 LA111590-0041 1
402 0 LA111689-0145 0
402 0 LA111689-0161 0
402 0 LA111689-0162 1
402 0 LA111690-0131 0
402 0 LA111690-0138 0
402 0 LA111690-0195 0
402 0 LA111790-0003 0
402 0 LA111890-0092 0
402 0 LA111890-0124 0
402 0 LA111989-0213 0
402 0 LA112089-0015 0
402 0 LA112090-0153 1
402 0 LA112189-0147 0
402 0 LA112290-0177 0
402 0 LA112690-0069 0
402 0 LA112690-0079 0
402 0 LA112690-0080 0
402 0 LA112789-0037 0
402 0 LA112790-0138 0
402 0 LA112990-0132 0
402 0 LA113090-0156 0
402 0 LA120190-0116 0
402 0 LA120389-0120 1
402 0 LA120489-0008 0
402 0 LA120490-0023 0
402 0 LA120589-0110 0
402 0 LA120690-0200 0
402 0 LA120789-0006 0
402 0 LA120990-0077 0
402 0 LA120990-0216 0
402 0 LA121089-0191 0
402 0 LA121089-0245 0
402 0 LA121090-0030 0
402 0 LA121189-0004 0
402 0 LA121190-0034 0
402 0 LA121190-0075 0
402 0 LA121289-0055 0
402 0 LA121290-0083 0
402 0 LA121589-0077 0
402 0 LA121590-0102 0
402 0 LA121789-0114 0
402 0 LA121790-0086 0
402 0 LA121890-0019 0
402 0 LA121890-0149 0
402 0 LA121989-0030 0
402 0 LA121989-0123 0
402 0 LA122289-0050 0
402 0 LA122290-0007 0
402 0 LA122290-0132 0
402 0 LA122290-0133 0
402 0 LA122390-0202 0
402 0 LA122489-0017 0
402 0 LA122490-0040 0
402 0 LA122589-0046 0
402 0 LA122589-0075 0
402 0 LA122689-0096 0
402 0 LA122789-0032 0
402 0 LA122789-0134 0
402 0 LA122790-0224 0
402 0 LA122890-0021 0
402 0 LA123189-0105 0
402 0 LA123189-0109 0
402 0 LA123189-0182 0
402 0 LA123190-0042 0
402 0 LA123190-0047 0
403 0 LA010190-0022 0
403 0 LA010390-0067 1
403 0 LA010490-0218 0
403 0 LA010589-0059 0
403 0 LA010589-0063 0
403 0 LA010589-0122 0
403 0 LA010590-0158 0
403 0 LA010689-0040 0
403 0 LA010789-0016 0
403 0 LA010790-0103 1
403 0 LA010889-0121 0
403 0 LA010990-0001 0
403 0 LA011189-0127 0
403 0 LA011190-0074 0
403 0 LA011190-0122 0
403 0 LA011289-0149 0
403 0 LA011290-0093 0
403 0 LA011389-0029 1
403 0 LA011490-0163 0
403 0 LA011589-0005 0
403 0 LA011589-0048 0
403 0 LA011590-0054 0
403 0 LA011689-0044 0
403 0 LA011690-0025 0
403 0 LA011890-0021 0
403 0 LA011890-0027 0
403 0 LA011890-0124 0
403 0 LA011989-0197 0
403 0 LA011989-0205 0
403 0 LA012089-0062 0
403 0 LA012390-0028 0
403 0 LA012590-0010 0
403 0 LA012590-0014 0
403 0 LA012990-0041 0
403 0 LA012990-0059 0
403 0 LA020189-0092 0
403 0 LA020190-0029 0
403 0 LA020190-0031 0
403 0 LA020289-0035 0
403 0 LA020289-0056 0
403 0 LA020390-0025 0
403 0 LA020490-0136 1
403 0 LA020589-0018 0
403 0 LA020589-0078 0
403 0 LA020590-0052 0
403 0 LA020690-0094 0
403 0 LA020889-0141 0
403 0 LA020890-0082 0
403 0 LA020890-0085 0
403 0 LA020989-0063 0
403 0 LA020990-0100 0
403 0 LA021190-0169 0
403 0 LA021289-0055 0
403 0 LA021490-0043 0
403 0 LA021590-0062 0
403 0 LA021590-0067 0
403 0 LA021590-0069 0
403 0 LA021590-0211 0
403 0 LA021689-0084 0
403 0 LA021790-0120 0
403 0 LA021989-0064 0
403 0 LA021989-0108 0
403 0 LA022090-0119 0
403 0 LA022290-0240 0
403 0 LA022790-0006 0
403 0 LA022790-0099 0
403 0 LA030190-0169 0
403 0 LA030289-0054 0
403 0 LA030289-0077 0
403 0 LA030290-0067 0
403 0 LA030489-0098 0
403 0 LA030689-0082 0
403 0 LA030890-0001 0
403 0 LA030890-0003 0
403 0 LA031290-0132 0
403 0 LA031390-0037 0
403 0 LA031590-0014 0
403 0 LA031590-0016 0
403 0 LA031590-0018 0
403 0 LA031689-0009 0
403 0 LA031690-0019 0
403 0 LA031889-0096 0
403 0 LA031989-0071 0
403 0 LA031989-0112 0
403 0 LA031990-0076 0
403 0 LA032290-0096 0
403 0 LA032290-0151 1
403 0 LA032390-0070 0
403 0 LA032489-0093 1
403 0 LA032689-0019 0
403 0 LA032990-0031 0
403 0 LA032990-0035 0
403 0 LA033089-0013 1
403 0 LA033089-0019 0
403 0 LA040590-0094 0
403 0 LA040689-0075 0
403 0 LA040789-0126 0
403 0 LA041090-0027 0
403 0 LA041189-0121 0
403 0 LA041190-0141 0
403 0 LA041289-0022 0
403 0 LA041290-0081 0
403 0 LA041389-0022 0
403 0 LA041390-0058 0
403 0 LA041690-0042 0
403 0 LA041690-0043 0
403 0 LA041789-0062 0
403 0 LA041989-0057 0
403 0 LA041990-0068 0
403 0 LA041990-0072 1
403 0 LA042189-0027 0
403 0 LA042389-0079 0
403 0 LA042589-0052 0
403 0 LA042689-0065 0
403 0 LA042690-0002 0
403 0 LA042790-0080 0
403 0 LA042990-0190 0
403 0 LA050290-0047 0
403 0 LA050290-0050 0
403 0 LA050790-0059 0
403 0 LA050889-0050 0
403 0 LA051090-0030 0
403 0 LA051090-0036 0
403 0 LA051290-0077 0
403 0 LA051490-0120 0
403 0 LA051790-0068 0
403 0 LA051790-0076 0
403 0 LA051889-0006 1
403 0 LA052290-0110 1
403 0 LA052589-0038 0
403 0 LA052589-0039 0
403 0 LA052590-0169 0
403 0 LA052989-0032 0
403 0 LA052990-0096 0
403 0 LA053190-0034 0
403 0 LA053190-0196 0
403 0 LA060189-0041 0
403 0 LA060189-0044 0
403 0 LA060790-0025 0
403 0 LA060790-0155 0
403 0 LA061490-0022 0
403 0 LA061490-0025 0
403 0 LA061490-0026 0
403 0 LA061589-0028 0
403 0 LA061589-0029 0
403 0 LA061589-0030 0
403 0 LA061589-0128 0
403 0 LA061890-0100 0
403 0 LA062190-0031 0
403 0 LA062289-0203 0
403 0 LA062690-0083 0
403 0 LA062789-0111 0
403 0 LA062790-0095 0
403 0 LA062890-0066 0
403 0 LA062989-0030 0
403 0 LA063090-0103 0
403 0 LA070190-0032 0
403 0 LA070590-0006 0
403 0 LA070689-0037 0
403 0 LA070690-0011 0
403 0 LA071290-0133 1
403 0 LA071389-0198 0
403 0 LA071489-0108 0
403 0 LA071789-0041 0
403 0 LA071990-0148 0
403 0 LA072089-0050 0
403 0 LA072089-0054 0
403 0 LA072189-0016 0
403 0 LA072289-0144 1
403 0 LA072290-0075 0
403 0 LA072690-0056 0
403 0 LA072789-0078 0
403 0 LA072789-0159 0
403 0 LA072890-0147 0
403 0 LA072990-0083 0
403 0 LA080189-0025 0
403 0 LA080190-0135 0
403 0 LA080289-0067 0
403 0 LA080290-0231 0
403 0 LA080690-0070 0
403 0 LA080890-0068 0
403 0 LA081189-0129 0
403 0 LA081389-0032 0
403 0 LA081389-0035 0
403 0 LA081390-0089 0
403 0 LA081590-0161 0
403 0 LA081989-0053 0
403 0 LA082390-0077 0
403 0 LA082390-0082 0
403 0 LA082390-0094 0
403 0 LA082490-0015 0
403 0 LA082890-0074 0
403 0 LA083089-0024 0
403 0 LA083090-0228 0
403 0 LA090789-0017 0
403 0 LA091189-0069 0
403 0 LA091289-0027 0
403 0 LA091390-0122 0
403 0 LA091390-0125 0
403 0 LA091489-0031 0
403 0 LA091489-0033 0
403 0 LA092089-0038 0
403 0 LA092189-0071 0
403 0 LA092689-0080 0
403 0 LA092689-0104 0
403 0 LA092689-0119 0
403 0 LA092889-0071 0
403 0 LA092890-0010 0
403 0 LA092890-0067 1
403 0 LA100589-0072 0
403 0 LA100790-0252 0
403 0 LA100889-0039 0
403 0 LA100889-0040 0
403 0 LA100889-0041 0
403 0 LA100889-0042 0
403 0 LA100889-0044 0
403 0 LA100889-0058 0
403 0 LA100889-0136 0
403 0 LA101190-0177 0
403 0 LA101289-0068 0
403 0 LA101289-0194 0
403 0 LA101290-0010 0
403 0 LA101290-0076 0
403 0 LA101290-0111 0
403 0 LA101290-0114 0
403 0 LA101389-0048 0
403 0 LA101389-0168 0
403 0 LA101390-0131 0
403 0 LA101490-0235 0
403 0 LA101589-0009 0
403 0 LA101589-0206 0
403 0 LA101589-0207 0
403 0 LA101590-0049 0
403 0 LA101689-0037 0
403 0 LA101689-0071 0
403 0 LA101689-0095 0
403 0 LA101690-0066 0
403 0 LA101790-0124 0
403 0 LA101890-0021 0
403 0 LA101890-0025 0
403 0 LA101890-0240 0
403 0 LA101890-0267 0
403 0 LA101989-0136 0
403 0 LA101989-0200 0
403 0 LA101990-0120 0
403 0 LA102089-0080 0
403 0 LA102089-0174 0
403 0 LA102089-0176 0
403 0 LA102090-0114 0
403 0 LA102189-0044 0
403 0 LA102189-0055 0
403 0 LA102189-0060 0
403 0 LA102189-0147 0
403 0 LA102189-0171 0
403 0 LA102589-0042 0
403 0 LA102590-0199 0
403 0 LA102689-0112 0
403 0 LA102789-0074 0
403 0 LA102789-0141 0
403 0 LA102989-0206 0
403 0 LA110189-0018 0
403 0 LA110290-0126 0
403 0 LA110490-0084 0
403 0 LA110490-0091 0
403 0 LA110490-0176 0
403 0 LA110490-0220 0
403 0 LA110490-0260 0
403 0 LA110589-0024 0
403 0 LA110689-0058 0
403 0 LA110790-0028 0
403 0 LA110890-0217 0
403 0 LA110989-0059 0
403 0 LA110989-0061 0
403 0 LA110989-0062 0
403 0 LA111089-0085 0
403 0 LA111089-0129 0
403 0 LA111289-0076 0
403 0 LA111289-0077 0
403 0 LA111589-0001 0
403 0 LA111589-0004 0
403 0 LA111589-0017 0
403 0 LA111590-0227 0
403 0 LA111689-0032 0
403 0 LA111989-0048 0
403 0 LA112189-0078 0
403 0 LA112389-0201 0
403 0 LA112789-0001 0
403 0 LA113090-0141 0
403 0 LA120390-0005 0
403 0 LA120490-0022 0
403 0 LA120490-0023 0
403 0 LA120589-0013 0
403 0 LA120689-0083 0
403 0 LA120690-0133 0
403 0 LA120789-0066 0
403 0 LA120889-0165 0
403 0 LA121190-0080 0
403 0 LA121389-0121 0
403 0 LA121390-0162 0
403 0 LA121489-0052 0
403 0 LA121689-0043 0
403 0 LA121789-0016 0
403 0 LA121990-0118 0
403 0 LA122089-0062 0
403 0 LA122090-0025 0
403 0 LA122090-0027 0
403 0 LA122090-0214 0
403 0 LA122090-0232 0
403 0 LA122189-0061 0
403 0 LA122189-0065 0
403 0 LA122189-0067 0
403 0 LA122189-0202 0
403 0 LA122190-0108 0
403 0 LA122190-0158 0
403 0 LA122289-0026 0
403 0 LA122289-0077 0
403 0 LA122289-0152 0
403 0 LA122290-0015 0
403 0 LA122389-0083 0
403 0 LA122389-0126 0
403 0 LA122390-0012 0
403 0 LA122390-0087 0
403 0 LA122390-0160 0
403 0 LA122390-0177 0
403 0 LA122390-0183 0
403 0 LA122390-0203 0
403 0 LA122390-0206 0
403 0 LA122489-0217 0
403 0 LA122490-0098 0
403 0 LA122589-0109 0
403 0 LA122589-0110 0
403 0 LA122789-0092 0
403 0 LA122790-0002 0
403 0 LA122790-0017 0
403 0 LA122790-0034 0
403 0 LA122790-0172 0
403 0 LA122790-0175 0
403 0 LA122790-0198 0
403 0 LA122889-0041 0
403 0 LA122889-0114 0
403 0 LA122890-0010 0
403 0 LA122890-0062 0
403 0 LA122890-0144 0
403 0 LA122890-0147 0
403 0 LA122989-0139 0
403 0 LA122989-0140 0
403 0 LA122990-0037 0
403 0 LA122990-0117 0
403 0 LA123089-0058 0
403 0 LA123089-0138 0
403 0 LA123090-0022 0
403 0 LA123090-0056 0
403 0 LA123090-0100 0
403 0 LA123090-0176 0
403 0 LA123090-0179 0
403 0 LA123189-0132 0
403 0 LA123189-0191 0
403 0 LA123190-0042 0
403 0 LA123190-0080 0
405 0 LA010189-0001 0
405 0 LA010189-0071 0
405 0 LA010189-0103 0
405 0 LA010189-0108 0
405 0 LA010289-0021 0
405 0 LA010289-0060 0
405 0 LA010290-0027 0
405 0 LA010490-0016 0
405 0 LA010490-0110 0
405 0 LA010590-0045 0
405 0 LA010590-0130 0
405 0 LA010689-0016 0
405 0 LA010689-0077 0
405 0 LA010690-0071 0
405 0 LA010690-0096 0
405 0 LA010789-0050 0
405 0 LA010790-0016 0
405 0 LA010790-0055 0
405 0 LA010889-0109 0
405 0 LA010990-0127 0
405 0 LA011190-0120 0
405 0 LA011190-0127 0
405 0 LA011389-0062 0
405 0 LA011589-0005 0
405 0 LA011590-0005 0
405 0 LA011590-0080 0
405 0 LA011590-0086 0
405 0 LA011590-0098 1
405 0 LA011590-0139 0
405 0 LA011689-0095 0
405 0 LA011789-0105 0
405 0 LA011790-0033 0
405 0 LA011890-0033 0
405 0 LA011990-0091 0
405 0 LA011990-0099 0
405 0 LA011990-0173 0
405 0 LA012090-0105 0
405 0 LA012190-0066 0
405 0 LA012289-0002 0
405 0 LA012289-0015 0
405 0 LA012289-0050 0
405 0 LA012289-0172 0
405 0 LA012489-0038 0
405 0 LA012790-0042 0
405 0 LA012890-0058 0
405 0 LA012990-0089 0
405 0 LA013190-0067 0
405 0 LA020190-0053 1
405 0 LA020289-0215 0
405 0 LA020290-0046 0
405 0 LA020490-0093 0
405 0 LA020589-0049 0
405 0 LA020589-0080 0
405 0 LA020989-0012 0
405 0 LA020990-0063 0
405 0 LA020990-0080 0
405 0 LA021189-0152 0
405 0 LA021289-0051 0
405 0 LA021290-0037 0
405 0 LA021389-0093 0
405 0 LA021589-0091 0
405 0 LA021689-0113 0
405 0 LA021690-0057 0
405 0 LA021790-0058 0
405 0 LA021889-0085 0
405 0 LA021989-0074 0
405 0 LA021989-0228 0
405 0 LA022389-0183 0
405 0 LA022390-0040 0
405 0 LA022589-0145 0
405 0 LA022689-0007 0
405 0 LA022689-0112 1
405 0 LA022690-0001 0
405 0 LA022789-0083 0
405 0 LA030289-0123 0
405 0 LA030290-0047 0
405 0 LA030389-0051 0
405 0 LA030389-0109 0
405 0 LA030489-0032 0
405 0 LA030489-0081 0
405 0 LA030490-0026 0
405 0 LA030490-0124 0
405 0 LA030689-0003 0
405 0 LA030990-0068 0
405 0 LA030990-0089 0
405 0 LA030990-0180 0
405 0 LA030990-0208 0
405 0 LA031190-0095 0
405 0 LA031289-0016 0
405 0 LA031290-0034 0
405 0 LA031389-0003 0
405 0 LA031389-0056 0
405 0 LA031389-0094 0
405 0 LA031390-0118 0
405 0 LA031490-0065 0
405 0 LA031589-0130 0
405 0 LA031689-0047 0
405 0 LA031789-0034 0
405 0 LA031789-0152 0
405 0 LA031790-0087 0
405 0 LA031889-0007 0
405 0 LA031890-0075 0
405 0 LA031890-0122 0
405 0 LA031989-0004 0
405 0 LA031989-0181 0
405 0 LA032190-0172 0
405 0 LA032290-0253 0
405 0 LA032489-0127 0
405 0 LA032490-0077 0
405 0 LA032490-0138 0
405 0 LA032690-0072 0
405 0 LA032789-0016 0
405 0 LA032989-0026 0
405 0 LA032990-0152 0
405 0 LA033089-0032 0
405 0 LA033089-0217 0
405 0 LA033090-0013 0
405 0 LA033090-0082 0
405 0 LA033090-0132 0
405 0 LA040190-0178 0
405 0 LA040289-0050 0
405 0 LA040390-0016 0
405 0 LA040390-0040 0
405 0 LA040490-0014 0
405 0 LA040589-0148 0
405 0 LA040590-0149 0
405 0 LA040790-0110 0
405 0 LA040989-0199 0
405 0 LA040990-0019 0
405 0 LA041089-0002 0
405 0 LA041089-0031 0
405 0 LA041089-0054 0
405 0 LA041090-0148 0
405 0 LA041190-0013 0
405 0 LA041190-0063 0
405 0 LA041290-0042 0
405 0 LA041389-0175 0
405 0 LA041489-0136 0
405 0 LA041490-0064 0
405 0 LA041689-0021 0
405 0 LA041689-0087 0
405 0 LA041689-0100 0
405 0 LA041690-0035 0
405 0 LA041690-0067 0
405 0 LA041989-0041 0
405 0 LA042089-0083 1
405 0 LA042090-0116 0
405 0 LA042290-0096 0
405 0 LA042389-0035 0
405 0 LA042390-0004 0
405 0 LA042390-0025 0
405 0 LA042390-0108 0
405 0 LA042489-0091 0
405 0 LA042589-0001 0
405 0 LA042590-0135 0
405 0 LA042590-0152 0
405 0 LA042690-0141 0
405 0 LA042789-0179 0
405 0 LA042790-0070 0
405 0 LA042990-0076 0
405 0 LA042990-0148 0
405 0 LA043090-0018 0
405 0 LA050190-0030 0
405 0 LA050190-0198 0
405 0 LA050390-0109 0
405 0 LA050390-0172 0
405 0 LA050490-0029 0
405 0 LA050490-0085 0
405 0 LA050589-0115 0
405 0 LA050690-0017 0
405 0 LA050690-0029 0
405 0 LA050690-0091 0
405 0 LA050789-0037 0
405 0 LA050790-0006 0
405 0 LA050989-0146 0
405 0 LA050990-0163 0
405 0 LA051090-0047 0
405 0 LA051090-0069 0
405 0 LA051289-0110 0
405 0 LA051289-0137 1
405 0 LA051289-0175 0
405 0 LA051290-0077 0
405 0 LA051290-0079 0
405 0 LA051290-0134 0
405 0 LA051290-0138 0
405 0 LA051390-0046 0
405 0 LA051390-0105 0
405 0 LA051490-0110 0
405 0 LA051590-0074 0
405 0 LA051790-0219 0
405 0 LA052090-0005 0
405 0 LA052189-0006 0
405 0 LA052389-0074 0
405 0 LA052489-0093 0
405 0 LA052490-0048 0
405 0 LA052689-0067 0
405 0 LA052690-0002 0
405 0 LA052789-0123 0
405 0 LA052790-0174 0
405 0 LA052890-0021 1
405 0 LA053089-0058 0
405 0 LA053089-0065 0
405 0 LA053090-0104 0
405 0 LA053190-0079 0
405 0 LA053190-0193 0
405 0 LA053190-0194 0
405 0 LA060190-0058 0
405 0 LA060290-0101 0
405 0 LA060290-0131 0
405 0 LA060589-0041 0
405 0 LA060689-0114 0
405 0 LA060889-0110 0
405 0 LA060990-0134 0
405 0 LA061190-0028 0
405 0 LA061490-0072 1
405 0 LA061490-0089 0
405 0 LA061689-0110 0
405 0 LA061690-0104 0
405 0 LA061790-0053 0
405 0 LA061990-0118 0
405 0 LA062089-0122 0
405 0 LA062290-0091 0
405 0 LA062389-0066 0
405 0 LA062389-0120 0
405 0 LA062390-0072 0
405 0 LA062390-0134 0
405 0 LA062589-0006 0
405 0 LA062690-0046 0
405 0 LA062789-0090 0
405 0 LA062890-0100 0
405 0 LA063089-0071 0
405 0 LA063090-0139 0
405 0 LA070190-0035 0
405 0 LA070290-0043 0
405 0 LA070290-0143 0
405 0 LA070389-0031 0
405 0 LA070489-0096 0
405 0 LA070589-0018 0
405 0 LA070590-0036 0
405 0 LA070590-0046 0
405 0 LA070590-0108 0
405 0 LA070590-0148 0
405 0 LA070789-0127 0
405 0 LA070889-0120 0
405 0 LA070990-0052 0
405 0 LA071089-0029 0
405 0 LA071089-0064 0
405 0 LA071089-0082 0
405 0 LA071089-0089 0
405 0 LA071090-0047 0
405 0 LA071290-0048 0
405 0 LA071290-0194 0
405 0 LA071390-0036 0
405 0 LA071390-0093 0
405 0 LA071390-0111 0
405 0 LA071390-0122 0
405 0 LA071589-0127 0
405 0 LA071689-0011 0
405 0 LA071689-0109 0
405 0 LA071689-0194 0
405 0 LA071689-0210 0
405 0 LA071689-0215 0
405 0 LA071690-0097 0
405 0 LA071690-0100 1
405 0 LA071889-0017 0
405 0 LA071989-0040 0
405 0 LA071990-0250 0
405 0 LA072190-0125 0
405 0 LA072390-0058 0
405 0 LA072390-0060 1
405 0 LA072590-0005 0
405 0 LA072590-0006 0
405 0 LA072590-0145 0
405 0 LA072690-0134 0
405 0 LA072790-0037 0
405 0 LA072989-0016 0
405 0 LA072990-0218 0
405 0 LA080289-0090 0
405 0 LA080290-0023 0
405 0 LA080290-0129 0
405 0 LA080389-0056 0
405 0 LA080390-0032 0
405 0 LA080489-0032 0
405 0 LA080489-0102 0
405 0 LA080689-0056 0
405 0 LA080689-0092 0
405 0 LA080790-0036 0
405 0 LA080889-0066 0
405 0 LA080989-0058 0
405 0 LA080990-0223 0
405 0 LA081089-0150 0
405 0 LA081090-0078 0
405 0 LA081190-0002 0
405 0 LA081190-0080 0
405 0 LA081289-0118 0
405 0 LA081290-0008 0
405 0 LA081390-0081 0
405 0 LA081489-0004 0
405 0 LA081490-0084 0
405 0 LA081790-0164 0
405 0 LA081890-0062 0
405 0 LA081989-0069 0
405 0 LA081990-0061 1
405 0 LA082089-0050 0
405 0 LA082089-0061 0
405 0 LA082189-0087 0
405 0 LA082290-0043 0
405 0 LA082489-0132 0
405 0 LA082489-0178 0
405 0 LA082490-0075 0
405 0 LA082789-0013 0
405 0 LA082789-0096 0
405 0 LA082789-0200 0
405 0 LA082790-0099 0
405 0 LA082889-0097 0
405 0 LA082990-0092 0
405 0 LA090190-0129 0
405 0 LA090289-0005 0
405 0 LA090289-0006 0
405 0 LA090289-0012 0
405 0 LA090290-0194 0
405 0 LA090390-0035 0
405 0 LA090489-0037 1
405 0 LA090490-0116 0
405 0 LA090689-0043 0
405 0 LA090690-0105 0
405 0 LA090690-0116 0
405 0 LA090789-0052 0
405 0 LA090889-0077 0
405 0 LA090990-0056 0
405 0 LA091589-0072 0
405 0 LA091590-0110 0
405 0 LA091590-0120 0
405 0 LA091689-0107 0
405 0 LA091690-0043 0
405 0 LA091690-0166 0
405 0 LA091690-0204 0
405 0 LA091789-0029 0
405 0 LA091789-0096 0
405 0 LA091789-0133 0
405 0 LA091789-0143 0
405 0 LA091789-0157 0
405 0 LA091889-0105 0
405 0 LA091890-0053 0
405 0 LA091890-0054 0
405 0 LA092189-0071 0
405 0 LA092189-0103 0
405 0 LA092189-0125 0
405 0 LA092190-0065 0
405 0 LA092290-0181 0
405 0 LA092390-0062 0
405 0 LA092390-0116 0
405 0 LA092390-0185 0
405 0 LA092390-0192 0
405 0 LA092489-0134 0
405 0 LA092690-0092 0
405 0 LA092889-0155 0
405 0 LA092889-0197 0
405 0 LA100189-0175 0
405 0 LA100389-0113 0
405 0 LA100490-0057 0
405 0 LA100590-0153 0
405 0 LA100690-0017 0
405 0 LA100690-0129 0
405 0 LA100790-0132 0
405 0 LA100790-0133 0
405 0 LA100889-0013 0
405 0 LA100890-0071 0
405 0 LA100990-0068 0
405 0 LA101089-0028 0
405 0 LA101189-0004 0
405 0 LA101189-0013 0
405 0 LA101190-0047 0
405 0 LA101289-0186 0
405 0 LA101290-0031 0
405 0 LA101490-0046 0
405 0 LA101490-0213 0
405 0 LA101589-0100 0
405 0 LA101589-0160 0
405 0 LA101690-0023 0
405 0 LA101789-0027 0
405 0 LA101789-0028 0
405 0 LA101789-0032 0
405 0 LA101789-0040 0
405 0 LA101789-0044 0
405 0 LA101789-0122 0
405 0 LA101790-0151 0
405 0 LA101790-0153 0
405 0 LA101890-0013 0
405 0 LA101890-0240 0
405 0 LA101989-0137 0
405 0 LA102089-0058 0
405 0 LA102089-0149 0
405 0 LA102089-0188 0
405 0 LA102090-0060 0
405 0 LA102189-0046 0
405 0 LA102189-0071 0
405 0 LA102289-0040 0
405 0 LA102289-0098 0
405 0 LA102290-0066 0
405 0 LA102290-0067 1
405 0 LA102489-0146 0
405 0 LA102490-0072 0
405 0 LA102590-0235 1
405 0 LA102690-0043 0
405 0 LA102789-0168 0
405 0 LA102989-0004 0
405 0 LA102990-0035 0
405 0 LA103090-0093 0
405 0 LA103090-0099 0
405 0 LA103190-0036 0
405 0 LA110289-0084 0
405 0 LA110289-0086 0
405 0 LA110290-0084 0
405 0 LA110389-0136 0
405 0 LA110489-0166 0
405 0 LA110589-0073 0
405 0 LA110590-0076 0
405 0 LA111089-0123 0
405 0 LA111190-0024 0
405 0 LA111190-0074 0
405 0 LA111389-0039 0
405 0 LA111390-0021 0
405 0 LA111390-0098 0
405 0 LA111589-0116 0
405 0 LA111590-0239 0
405 0 LA111689-0024 0
405 0 LA111689-0222 0
405 0 LA111789-0042 0
405 0 LA111789-0130 0
405 0 LA111789-0134 0
405 0 LA111789-0151 1
405 0 LA111890-0012 0
405 0 LA111990-0004 0
405 0 LA112089-0009 0
405 0 LA112089-0048 1
405 0 LA112190-0043 0
405 0 LA112290-0162 0
405 0 LA112489-0085 0
405 0 LA112589-0013 0
405 0 LA112689-0191 0
405 0 LA112690-0067 1
405 0 LA112789-0073 0
405 0 LA112990-0083 0
405 0 LA113090-0157 0
405 0 LA120189-0046 0
405 0 LA120189-0127 0
405 0 LA120190-0154 0
405 0 LA120289-0144 0
405 0 LA120290-0016 0
405 0 LA120290-0045 0
405 0 LA120290-0048 0
405 0 LA120389-0113 0
405 0 LA120390-0065 0
405 0 LA120390-0126 0
405 0 LA120490-0100 0
405 0 LA120590-0110 0
405 0 LA120690-0083 0
405 0 LA120790-0184 0
405 0 LA120890-0048 1
405 0 LA120990-0129 0
405 0 LA120990-0163 0
405 0 LA120990-0165 0
405 0 LA120990-0212 0
405 0 LA121190-0079 0
405 0 LA121190-0160 1
405 0 LA121290-0080 0
405 0 LA121290-0133 0
405 0 LA121390-0184 0
405 0 LA121490-0102 0
405 0 LA121589-0173 0
405 0 LA121590-0072 0
405 0 LA121690-0039 0
405 0 LA121690-0057 0
405 0 LA121690-0145 0
405 0 LA121889-0114 0
405 0 LA122090-0004 0
405 0 LA122090-0052 0
405 0 LA122090-0165 0
405 0 LA122090-0205 0
405 0 LA122189-0098 0
405 0 LA122189-0237 0
405 0 LA122289-0092 0
405 0 LA122289-0155 0
405 0 LA122290-0127 0
405 0 LA122389-0054 0
405 0 LA122389-0119 0
405 0 LA122489-0008 0
405 0 LA122489-0017 0
405 0 LA122489-0104 0
405 0 LA122589-0068 0
405 0 LA122689-0094 0
405 0 LA122989-0137 0
405 0 LA122990-0137 0
405 0 LA123189-0117 0
405 0 LA123190-0042 0
408 0 LA010189-0040 1
408 0 LA010189-0046 1
408 0 LA010189-0071 0
408 0 LA010189-0113 0
408 0 LA010190-0081 0
408 0 LA010289-0021 0
408 0 LA010289-0023 0
408 0 LA010289-0060 1
408 0 LA010290-0093 0
408 0 LA010489-0123 0
408 0 LA010589-0111 0
408 0 LA010589-0160 0
408 0 LA010689-0051 0
408 0 LA010689-0143 0
408 0 LA010690-0071 0
408 0 LA010690-0086 0
408 0 LA010889-0088 0
408 0 LA010890-0046 0
408 0 LA010989-0036 0
408 0 LA011089-0086 0
408 0 LA011189-0024 0
408 0 LA011190-0214 0
408 0 LA011290-0045 0
408 0 LA011290-0142 0
408 0 LA011389-0030 0
408 0 LA011490-0148 0
408 0 LA011589-0005 0
408 0 LA011689-0055 1
408 0 LA011690-0029 0
408 0 LA011790-0045 0
408 0 LA011890-0083 0
408 0 LA011890-0193 0
408 0 LA011890-0194 0
408 0 LA011989-0105 0
408 0 LA011989-0118 0
408 0 LA012089-0175 0
408 0 LA012289-0053 0
408 0 LA012490-0075 0
408 0 LA012590-0159 0
408 0 LA012690-0040 0
408 0 LA012989-0114 0
408 0 LA012990-0063 0
408 0 LA020289-0156 0
408 0 LA020490-0005 0
408 0 LA020490-0091 0
408 0 LA020490-0212 0
408 0 LA020490-0215 0
408 0 LA020589-0007 0
408 0 LA020590-0044 1
408 0 LA021090-0115 0
408 0 LA021190-0051 0
408 0 LA021190-0186 0
408 0 LA021290-0057 0
408 0 LA021290-0091 0
408 0 LA021490-0069 0
408 0 LA021689-0089 0
408 0 LA021690-0167 0
408 0 LA021790-0121 0
408 0 LA021790-0141 0
408 0 LA021890-0171 0
408 0 LA021890-0175 0
408 0 LA021890-0180 0
408 0 LA022090-0108 0
408 0 LA022090-0115 0
408 0 LA022189-0026 0
408 0 LA022290-0032 0
408 0 LA022290-0107 0
408 0 LA022290-0130 0
408 0 LA022290-0135 0
408 0 LA022390-0083 0
408 0 LA022489-0172 0
408 0 LA022589-0084 0
408 0 LA022590-0034 0
408 0 LA022590-0075 0
408 0 LA022590-0133 0
408 0 LA022689-0168 0
408 0 LA022690-0084 0
408 0 LA022790-0002 0
408 0 LA022790-0102 0
408 0 LA022889-0080 0
408 0 LA030490-0101 1
408 0 LA030589-0061 0
408 0 LA030689-0100 0
408 0 LA030890-0033 0
408 0 LA030890-0147 0
408 0 LA030989-0189 0
408 0 LA030990-0041 0
408 0 LA030990-0199 0
408 0 LA031089-0074 0
408 0 LA031189-0135 0
408 0 LA031190-0001 0
408 0 LA031190-0095 0
408 0 LA031389-0079 0
408 0 LA031589-0059 0
408 0 LA031790-0073 0
408 0 LA032390-0057 0
408 0 LA032590-0203 0
408 0 LA033089-0147 0
408 0 LA033189-0094 0
408 0 LA033190-0058 0
408 0 LA033190-0059 0
408 0 LA040190-0043 0
408 0 LA040289-0036 0
408 0 LA040289-0192 0
408 0 LA040890-0070 0
408 0 LA041390-0143 0
408 0 LA041590-0153 0
408 0 LA041789-0052 0
408 0 LA042290-0100 1
408 0 LA042390-0045 0
408 0 LA042590-0138 1
408 0 LA042790-0015 0
408 0 LA043089-0157 0
408 0 LA050390-0012 0
408 0 LA050490-0057 0
408 0 LA050590-0143 0
408 0 LA050690-0114 0
408 0 LA050690-0122 0
408 0 LA050690-0148 0
408 0 LA050889-0068 0
408 0 LA051189-0028 0
408 0 LA051190-0106 0
408 0 LA051390-0090 0
408 0 LA051390-0101 0
408 0 LA051489-0159 0
408 0 LA051589-0004 0
408 0 LA051789-0089 0
408 0 LA051790-0102 0
408 0 LA051890-0072 0
408 0 LA052189-0006 0
408 0 LA052189-0018 0
408 0 LA052189-0090 0
408 0 LA052189-0093 1
408 0 LA052390-0074 0
408 0 LA052590-0073 0
408 0 LA052890-0033 0
408 0 LA060389-0075 0
408 0 LA060490-0057 0
408 0 LA060590-0164 0
408 0 LA060689-0099 0
408 0 LA060890-0004 0
408 0 LA060890-0054 0
408 0 LA060989-0124 0
408 0 LA060990-0018 0
408 0 LA060990-0027 0
408 0 LA061190-0059 0
408 0 LA061389-0042 0
408 0 LA061390-0010 0
408 0 LA061489-0064 0
408 0 LA061589-0140 1
408 0 LA061989-0095 0
408 0 LA062290-0070 0
408 0 LA062490-0046 0
408 0 LA062490-0134 0
408 0 LA062490-0171 0
408 0 LA062590-0054 1
408 0 LA062889-0066 1
408 0 LA062989-0112 1
408 0 LA070190-0134 0
408 0 LA070589-0011 1
408 0 LA070589-0069 0
408 0 LA070589-0091 0
408 0 LA070689-0088 0
408 0 LA070789-0147 0
408 0 LA071289-0009 0
408 0 LA071290-0196 0
408 0 LA071389-0072 0
408 0 LA071389-0103 0
408 0 LA071490-0129 0
408 0 LA071589-0072 0
408 0 LA071690-0066 0
408 0 LA071789-0034 0
408 0 LA071789-0035 0
408 0 LA071789-0093 0
408 0 LA071789-0097 1
408 0 LA071790-0136 0
408 0 LA071989-0006 0
408 0 LA071990-0073 0
408 0 LA072189-0002 1
408 0 LA072189-0127 0
408 0 LA072290-0018 0
408 0 LA072389-0078 1
408 0 LA072389-0128 0
408 0 LA072589-0117 0
408 0 LA072590-0103 0
408 0 LA072690-0104 0
408 0 LA072990-0060 0
408 0 LA072990-0125 0
408 0 LA073090-0036 0
408 0 LA073189-0093 0
408 0 LA073190-0156 0
408 0 LA080189-0042 0
408 0 LA080189-0079 0
408 0 LA080289-0005 0
408 0 LA080289-0083 1
408 0 LA080389-0065 0
408 0 LA080389-0152 0
408 0 LA080490-0130 0
408 0 LA080789-0022 0
408 0 LA080789-0089 0
408 0 LA080790-0025 0
408 0 LA080790-0027 0
408 0 LA080790-0133 0
408 0 LA080890-0076 0
408 0 LA080890-0116 0
408 0 LA080990-0069 0
408 0 LA081089-0169 0
408 0 LA081189-0058 0
408 0 LA081189-0073 0
408 0 LA081289-0084 0
408 0 LA081290-0158 0
408 0 LA081389-0023 0
408 0 LA081590-0093 0
408 0 LA081689-0028 0
408 0 LA081689-0040 0
408 0 LA081790-0126 0
408 0 LA081890-0077 0
408 0 LA081890-0084 0
408 0 LA082090-0031 0
408 0 LA082189-0033 0
408 0 LA082389-0064 0
408 0 LA082390-0253 0
408 0 LA082689-0049 0
408 0 LA082690-0108 1
408 0 LA082690-0212 0
408 0 LA082789-0191 0
408 0 LA082790-0023 0
408 0 LA082790-0079 0
408 0 LA082889-0040 0
408 0 LA082889-0052 0
408 0 LA082889-0057 0
408 0 LA082890-0051 0
408 0 LA082990-0118 0
408 0 LA083090-0002 1
408 0 LA090289-0067 0
408 0 LA090290-0051 0
408 0 LA090489-0064 0
408 0 LA090689-0043 0
408 0 LA090890-0049 0
408 0 LA091189-0050 1
408 0 LA091189-0051 1
408 0 LA091189-0112 1
408 0 LA091490-0081 0
408 0 LA091689-0125 0
408 0 LA091789-0200 1
408 0 LA091890-0044 0
408 0 LA091989-0049 0
408 0 LA091989-0139 1
408 0 LA091990-0146 1
408 0 LA092089-0023 0
408 0 LA092089-0027 0
408 0 LA092089-0100 1
408 0 LA092089-0139 1
408 0 LA092189-0125 1
408 0 LA092189-0139 1
408 0 LA092189-0225 0
408 0 LA092190-0055 1
408 0 LA092289-0098 0
408 0 LA092289-0103 1
408 0 LA092289-0104 0
408 0 LA092389-0056 0
408 0 LA092389-0078 0
408 0 LA092389-0090 0
408 0 LA092390-0028 1
408 0 LA092489-0049 0
408 0 LA092590-0032 0
408 0 LA092590-0075 0
408 0 LA092689-0085 0
408 0 LA092689-0087 1
408 0 LA092789-0093 1
408 0 LA092889-0095 1
408 0 LA092989-0171 1
408 0 LA100189-0062 0
408 0 LA100189-0096 0
408 0 LA100289-0005 1
408 0 LA100389-0075 1
408 0 LA100489-0073 0
408 0 LA100489-0092 1
408 0 LA100489-0119 0
408 0 LA100489-0154 0
408 0 LA100589-0001 0
408 0 LA100589-0141 0
408 0 LA100590-0178 1
408 0 LA100590-0190 0
408 0 LA100789-0009 0
408 0 LA100789-0097 0
408 0 LA100790-0033 0
408 0 LA100790-0097 0
408 0 LA100790-0132 0
408 0 LA100790-0144 0
408 0 LA100889-0040 0
408 0 LA100889-0098 1
408 0 LA100889-0137 0
408 0 LA100890-0072 1
408 0 LA101089-0132 0
408 0 LA101189-0068 0
408 0 LA101190-0007 0
408 0 LA101190-0148 0
408 0 LA101289-0047 0
408 0 LA101289-0074 1
408 0 LA101289-0146 0
408 0 LA101289-0148 1
408 0 LA101290-0181 0
408 0 LA101390-0102 1
408 0 LA101489-0054 0
408 0 LA101489-0074 0
408 0 LA101490-0011 0
408 0 LA101490-0135 0
408 0 LA101490-0142 1
408 0 LA101490-0183 0
408 0 LA101589-0082 0
408 0 LA101589-0084 0
408 0 LA101589-0180 0
408 0 LA101590-0072 0
408 0 LA101689-0100 1
408 0 LA101790-0020 0
408 0 LA101790-0097 0
408 0 LA101889-0159 0
408 0 LA101889-0160 0
408 0 LA101989-0073 0
408 0 LA101989-0138 0
408 0 LA101989-0140 0
408 0 LA102089-0008 0
408 0 LA102089-0051 0
408 0 LA102090-0035 0
408 0 LA102090-0131 0
408 0 LA102189-0071 0
408 0 LA102189-0105 0
408 0 LA102389-0075 1
408 0 LA102390-0065 0
408 0 LA102489-0089 0
408 0 LA102489-0169 0
408 0 LA102589-0026 0
408 0 LA102689-0225 0
408 0 LA102690-0198 0
408 0 LA102789-0184 0
408 0 LA102790-0132 0
408 0 LA102890-0037 0
408 0 LA103189-0021 0
408 0 LA103189-0089 0
408 0 LA103190-0021 0
408 0 LA103190-0052 0
408 0 LA110189-0135 0
408 0 LA110289-0202 0
408 0 LA110390-0071 0
408 0 LA110489-0091 0
408 0 LA110489-0123 0
408 0 LA110490-0165 0
408 0 LA110689-0005 0
408 0 LA110789-0141 0
408 0 LA110790-0045 0
408 0 LA110989-0123 0
408 0 LA111090-0121 0
408 0 LA111190-0047 0
408 0 LA111290-0071 0
408 0 LA111389-0074 0
408 0 LA111390-0147 1
408 0 LA111589-0015 0
408 0 LA111690-0084 0
408 0 LA111890-0081 0
408 0 LA112190-0043 0
408 0 LA112190-0085 0
408 0 LA112289-0051 0
408 0 LA112389-0092 0
408 0 LA112490-0150 0
408 0 LA112690-0071 0
408 0 LA112789-0022 0
408 0 LA112790-0036 0
408 0 LA112790-0042 0
408 0 LA112790-0073 0
408 0 LA112990-0111 0
408 0 LA120389-0073 0
408 0 LA120389-0130 1
408 0 LA120389-0178 0
408 0 LA120389-0240 0
408 0 LA120489-0058 1
408 0 LA120489-0108 0
408 0 LA120490-0022 0
408 0 LA120690-0011 0
408 0 LA120989-0016 0
408 0 LA120990-0218 0
408 0 LA121089-0074 0
408 0 LA121089-0204 0
408 0 LA121189-0083 0
408 0 LA121289-0093 0
408 0 LA121289-0108 0
408 0 LA121489-0065 0
408 0 LA121489-0128 0
408 0 LA121489-0135 0
408 0 LA121490-0119 0
408 0 LA121889-0041 0
408 0 LA121890-0092 0
408 0 LA121890-0174 0
408 0 LA122189-0139 0
408 0 LA122289-0142 0
408 0 LA122290-0018 0
408 0 LA122290-0125 0
408 0 LA122390-0012 0
408 0 LA122390-0133 0
408 0 LA122489-0096 0
408 0 LA122490-0025 0
408 0 LA122590-0038 0
408 0 LA122690-0069 0
408 0 LA122789-0064 0
408 0 LA122790-0009 0
408 0 LA122790-0029 0
408 0 LA122790-0031 0
408 0 LA122790-0057 0
408 0 LA122889-0093 0
408 0 LA122890-0111 0
408 0 LA122890-0132 0
408 0 LA122989-0057 0
408 0 LA123090-0150 0
408 0 LA123090-0152 0
408 0 LA123189-0103 0
408 0 LA123189-0149 0
408 0 LA123189-0153 0
408 0 LA123190-0041 0
408 0 LA123190-0042 0
408 0 LA123190-0057 0
408 0 LA123190-0063 0
408 0 LA123190-0086 0
408 0 LA123190-0092 0
